105.23
131.66
142.48
198.45
183.58
190.49
164.98
131.39
176.79
158.58
186.75
158.96
146.32
139.90
173.73
151.82
116.70
127.85
131.80
182.01
105.43
157.53
110.55
156.36
199.57
110.84
182.27
196.21
111.90
183.27
187.52
113.64
185.85
155.01
125.96
182.35
182.19
195.73
137.07
152.26
173.10
172.41
159.15
110.65
189.40
122.57
177.08
150.07
115.44
101.60
169.09
163.36
102.55
111.95
141.48
149.49
177.21
174.71
196.19
180.50
152.35
109.36
110.79
149.41
111.84
146.35
123.02
191.72
127.09
108.96
102.65
149.01
181.87
165.80
162.47
122.16
127.18
173.39
106.92
143.83
161.27
199.39
142.28
185.11
131.69
141.52
175.23
199.57
186.00
134.48
108.25
199.52
155.65
167.91
199.61
153.95
143.77
121.85
193.32
195.13
101.38
163.44
140.18
122.10
119.21
137.98
124.94
193.07
132.58
131.03
186.42
105.71
135.17
174.04
167.77
175.05
124.53
115.69
161.95
131.53
156.47
183.07
124.22
178.71
169.01
113.05
107.57
169.46
146.89
142.10
139.90
182.32
137.46
105.45
102.24
105.71
195.57
110.76
186.34
166.46
130.79
119.82
106.83
171.36
153.68
193.15
118.23
165.81
169.49
126.31
140.44
151.73
147.56
134.45
127.48
148.76
102.48
122.12
123.98
127.01
159.18
109.04
141.25
187.82
138.24
169.33
150.76
119.42
190.04
181.69
136.36
108.70
126.72
181.08
169.00
147.38
149.47
148.53
167.28
130.92
145.50
175.23
185.87
112.13
133.37
189.35
129.89
137.91
168.91
139.54
127.85
166.98
184.42
188.00
108.48
139.44
123.33
177.57
117.32
144.84
149.72
102.36
178.00
114.26
157.40
129.50
149.89
144.28
176.96
190.72
159.04
145.86
180.65
186.89
182.52
199.44
115.04
125.99
147.65
189.28
148.91
145.59
166.95
184.44
110.26
154.60
167.42
131.82
100.20
165.95
188.38
127.34
113.96
181.57
115.91
135.45
169.49
134.46
194.05
134.30
142.80
188.45
102.84
174.05
135.87
145.91
121.59
149.30
157.51
115.80
102.22
103.11
180.76
150.31
161.75
199.59
151.29
166.78
165.78
124.94
160.43
133.59
115.53
102.60
163.76
113.55
169.80
137.25
121.63
126.36
130.15
134.43
161.52
113.10
192.79
177.94
113.65
159.71
123.88
185.40
151.36
164.14
146.17
104.03
175.36
112.34
134.48
153.13
117.09
161.74
105.25
167.69
100.83
118.11
150.77
148.39
196.00
131.22
112.82
177.06
111.98
128.03
112.44
114.22
136.04
148.18
152.45
154.99
191.71
146.08
187.63
183.70
199.66
176.04
114.05
133.42
156.19
182.76
163.08
126.72
105.33
177.92
198.65
146.40
169.71
195.64
106.71
161.12
122.84
184.39
134.91
109.51
130.58
111.01
187.33
128.75
163.27
123.81
104.43
198.75
181.70
145.82
161.19
161.54
129.70
146.89
198.30
166.62
124.25
173.93
160.25
188.34
119.79
101.98
152.04
158.34
138.00
106.01
141.90
157.61
195.99
142.97
131.22
116.24
136.84
176.95
184.82
176.52
164.65
176.19
165.02
184.89
112.90
160.28
140.81
191.81
129.92
178.19
150.11
155.23
147.96
153.36
177.43
162.73
113.47
140.78
171.87
110.31
195.48
102.77
171.02
101.64
156.00
125.22
115.44
160.66
161.96
163.92
135.03
182.39
141.73
132.06
163.86
182.19
140.90
114.02
193.43
142.14
111.63
118.26
105.31
194.44
178.15
162.52
133.82
126.82
156.62
118.31
197.08
142.11
171.98
128.36
100.14
155.68
106.66
150.96
158.25
167.77
136.38
177.79
109.72
105.41
156.75
118.18
188.50
188.64
181.28
142.34
104.36
139.02
195.86
127.96
135.21
115.27
187.99
160.75
170.35
130.07
129.84
197.71
156.26
175.15
183.52
114.13
187.03
157.56
114.23
119.79
150.61
128.94
142.22
148.53
188.77
171.84
138.18
195.81
154.08
192.41
168.34
103.94
150.09
156.98
125.21
171.44
122.55
101.86
137.92
194.02
128.73
139.96
142.11
128.24
149.77
185.91
103.57
105.50
126.35
122.06
131.81
114.31
192.20
131.66
190.72
111.61
151.70
132.98
111.29
120.18
197.96
157.96
138.75
118.50
196.03
132.77
100.61
131.82
162.31
133.77
165.57
188.88
155.42
112.34
173.91
117.22
156.86
104.54
159.18
112.05
159.93
167.65
148.63
128.36
104.80
114.38
124.67
114.34
194.17
148.09
153.75
124.96
199.31
137.00
140.26
129.23
119.25
104.46
143.16
151.94
187.62
153.26
100.77
171.21
130.65
186.89
145.21
127.02
167.80
138.36
152.23
182.56
112.02
168.08
164.38
120.21
170.62
146.25
145.89
147.17
169.48
192.34
176.14
131.71
123.78
104.57
165.39
190.54
156.24
175.67
180.97
100.08
120.65
157.58
105.42
110.14
122.41
107.48
108.62
197.05
141.00
120.38
105.57
105.19
149.57
129.11
188.53
190.82
195.74
131.92
167.62
100.09
155.07
189.68
127.57
184.42
193.10
120.06
110.12
180.60
175.70
104.69
160.95
160.69
148.47
116.23
138.47
186.86
165.47
167.63
167.38
190.69
185.19
182.87
134.22
132.52
167.42
190.10
164.62
187.05
198.44
141.34
191.99
143.97
144.04
170.77
126.22
108.89
179.73
113.27
157.59
138.93
176.22
118.64
185.61
150.07
123.93
113.29
145.85
188.48
165.38
180.87
118.48
167.32
166.46
155.90
141.60
131.67
198.62
150.72
119.61
129.86
122.62
164.51
112.46
136.87
161.62
155.89
114.91
197.27
126.47
195.39
186.78
129.02
109.09
152.64
174.92
157.16
191.54
114.65
175.41
126.88
127.46
176.18
120.73
179.23
140.47
190.84
140.69
159.39
149.66
122.60
138.18
167.56
176.12
191.30
141.27
155.43
106.74
162.84
141.65
117.54
191.12
195.11
106.20
125.92
126.07
114.00
153.11
109.21
138.36
160.36
116.86
182.54
110.82
118.42
187.75
193.65
109.55
108.90
100.20
162.17
160.70
105.98
162.04
154.03
194.17
116.24
161.85
151.21
118.45
139.86
165.25
147.90
116.05
119.57
112.60
128.82
152.06
171.29
160.45
162.51
169.87
181.84
166.74
173.41
107.37
153.69
106.15
139.70
104.82
174.70
115.82
101.32
190.88
191.36
114.27
151.93
127.74
168.25
106.30
132.00
167.50
123.52
185.83
136.35
122.90
140.47
174.63
198.67
182.96
168.63
190.14
118.16
110.84
144.23
118.31
148.74
145.80
179.76
178.49
180.32
193.31
194.77
106.37
103.08
128.52
186.20
148.59
160.93
156.87
165.49
157.80
168.23
172.77
121.66
100.45
185.07
132.17
105.07
141.56
120.78
108.33
164.71
150.04
162.71
131.23
113.65
176.53
107.96
120.58
141.52
191.43
109.33
110.12
141.09
134.97
133.72
126.37
166.52
123.74
170.94
129.15
195.10
178.06
124.27
142.85
121.29
183.62
159.97
107.82
172.22
176.97
192.39
159.21
197.08
149.56
133.95
197.05
149.48
197.99
144.47
146.02
151.33
108.74
173.33
115.55
199.66
155.32
199.61
161.94
153.64
102.74
140.30
122.99
118.03
159.79
114.80
142.48
121.50
192.90
125.10
126.99
173.42
117.40
135.31
180.84
171.21
111.44
111.62
146.26
121.65
155.85
114.54
135.21
134.46
189.40
118.70
177.18
143.99
182.77
172.37
122.65
115.76
177.25
199.05
136.09
198.76
104.09
186.12
184.11
191.33
199.43
102.16
174.52
198.83
156.11
133.47
130.43
174.71
108.57
133.10
189.61
152.92
129.78
131.15
104.03
199.50
130.63
163.57
177.04
133.64
190.62
138.92
116.16
194.66
116.85
177.12
198.77
160.16
122.93
122.58
144.35
152.76
143.55
154.97
162.67
108.32
151.73
195.55
199.90
116.45
125.80
134.18
136.57
186.18
120.91
182.80
100.22
133.75
136.01
194.80
143.75
137.79
131.25
176.59
105.61
157.38
143.38
157.57
112.33
163.21
166.59
177.83
105.50
188.56
115.33
198.90
175.67
167.50
161.93
142.57
163.65
190.77
146.78
114.74
146.16
176.72
191.77
177.41
157.29
123.69
108.49
189.94
109.61
183.74
182.32
153.23
169.85
172.82
130.25
154.80
112.50
111.82
176.07
131.23
122.07
175.22
160.14
135.43
139.43
108.74
102.16
120.48
151.29
166.59
165.77
129.51
102.88
109.52
131.20
111.12
173.59
100.29
168.51
164.21
192.75
130.47
117.99
152.31
188.69
113.45
